A
0 0 1 0 0
0 1 0 1 0
1 0 0 0 1
1 1 1 1 1
1 0 0 0 1
1 0 0 0 1
1 0 0 0 1
B
1 1 1 1 0
1 0 0 0 1
1 0 0 0 1
1 1 1 1 0
1 0 0 0 1
1 0 0 0 1
1 1 1 1 0
C
0 1 1 1 0
1 0 0 0 0
1 0 0 0 0
1 0 0 0 0
1 0 0 0 0
1 0 0 0 0
0 1 1 1 0
D
1 1 1 0 0
1 0 0 1 0
1 0 0 0 1
1 0 0 0 1
1 0 0 0 1
1 0 0 1 0
1 1 1 0 0
E
1 1 1 1 1
1 0 0 0 0
1 0 0 0 0
1 1 1 1 0
1 0 0 0 0
1 0 0 0 0
1 1 1 1 1
F
1 1 1 1 1
1 0 0 0 0
1 0 0 0 0
1 1 1 1 0
1 0 0 0 0
1 0 0 0 0
1 0 0 0 0
G
0 1 1 1 0
1 0 0 0 1
1 0 0 0 0
1 0 0 1 1
1 0 0 0 1
1 0 0 0 1
0 1 1 1 0
H
1 0 0 0 1
1 0 0 0 1
1 0 0 0 1
1 1 1 1 1
1 0 0 0 1
1 0 0 0 1
1 0 0 0 1
I
0 1 1 1 0
0 0 1 0 0
0 0 1 0 0
0 0 1 0 0
0 0 1 0 0
0 0 1 0 0
0 1 1 1 0
J
0 1 1 1 0
0 0 0 1 0
0 0 0 1 0
0 0 0 1 0
0 0 0 1 0
1 0 0 1 0
0 1 1 0 0
K
1 0 0 0 1
1 0 0 1 0
1 0 1 0 0
1 1 0 0 0
1 0 1 0 0
1 0 0 1 0
1 0 0 0 1
L
1 0 0 0 0
1 0 0 0 0
1 0 0 0 0
1 0 0 0 0
1 0 0 0 0
1 0 0 0 1
1 1 1 1 0
M
1 0 0 0 1
1 1 0 1 1
1 0 1 0 1
1 0 0 0 1
1 0 0 0 1
1 0 0 0 1
1 0 0 0 1
N
1 0 0 0 1
1 1 0 0 1
1 1 0 0 1
1 0 1 0 1
1 0 0 1 1
1 0 0 1 1
1 0 0 0 1
O
0 1 1 1 0
1 0 0 0 1
1 0 0 0 1
1 0 0 0 1
1 0 0 0 1
1 0 0 0 1
0 1 1 1 0
P
1 1 1 1 0
1 0 0 0 1
1 0 0 0 1
1 1 1 1 0
1 0 0 0 0
1 0 0 0 0
1 0 0 0 0
Q
0 1 1 1 0
1 0 0 0 1
1 0 0 0 1
1 0 0 0 1
1 0 1 0 1
1 0 0 1 1
0 1 1 1 1
R
1 1 1 1 0
1 0 0 0 1
1 0 0 0 1
1 1 1 1 0
1 0 1 0 0
1 0 0 1 0
1 0 0 0 1
S
0 1 1 1 0
1 0 0 0 1
1 0 0 0 0
0 1 1 1 0
0 0 0 0 1
1 0 0 0 1
0 1 1 1 0
T
1 1 1 1 1
0 0 1 0 0
0 0 1 0 0
0 0 1 0 0
0 0 1 0 0
0 0 1 0 0
0 0 1 0 0
U
1 0 0 0 1
1 0 0 0 1
1 0 0 0 1
1 0 0 0 1
1 0 0 0 1
1 0 0 0 1
0 1 1 1 0
V
1 0 0 0 1
1 0 0 0 1
1 0 0 0 1
1 0 0 0 1
1 0 0 0 1
0 1 0 1 0
0 0 1 0 0
W
1 0 0 0 1
1 0 1 0 1
1 0 1 0 1
1 0 1 0 1
1 0 1 0 1
0 1 1 1 0
0 0 1 0 0
X
1 0 0 0 1
1 0 0 0 1
0 1 0 1 0
0 0 1 0 0
0 1 0 1 0
1 0 0 0 1
1 0 0 0 1
Y
1 0 0 0 1
1 0 0 0 1
0 1 0 1 0
0 0 1 0 0
0 0 1 0 0
0 0 1 0 0
0 0 1 0 0
Z
1 1 1 1 1
0 0 0 0 1
0 0 0 1 0
0 0 1 0 0
0 1 0 0 0
1 0 0 0 0
1 1 1 1 1
a
0 0 0 0 0
0 0 0 0 0
0 1 1 1 0
0 0 0 0 1
0 1 1 1 1
1 0 0 0 1
0 1 1 1 1
b
1 0 0 0 0
1 0 0 0 0
1 0 0 0 0
1 1 1 0 0
1 0 0 1 0
1 0 0 1 0
1 1 1 0 0
c
0 0 0 0 0
0 0 0 0 0
0 1 1 1 0
1 0 0 0 0
1 0 0 0 0
1 0 0 0 0
0 1 1 1 0
d
0 0 0 0 1
0 0 0 0 1
0 0 0 0 1
0 1 1 1 1
1 0 0 0 1
1 0 0 0 1
0 1 1 1 1
e
0 0 0 0 0
0 0 0 0 0
0 1 1 1 0
1 0 0 0 1
1 1 1 1 0
1 0 0 0 0
0 1 1 1 0
f
0 0 0 1 1
0 0 1 0 0
0 1 1 1 0
0 0 1 0 0
0 0 1 0 0
0 0 1 0 0
0 0 1 0 0
g
0 1 1 1 0
1 0 0 0 1
1 0 0 0 1
0 1 1 1 1
0 0 1 0 1
0 1 0 0 1
0 1 1 1 0
h
1 0 0 0 0
1 0 0 0 0
1 0 0 0 0
1 1 1 1 0
1 0 0 0 1
1 0 0 0 1
1 0 0 0 1
i
0 0 1 0 0
0 0 0 0 0
0 0 1 0 0
0 0 1 0 0
0 0 1 0 0
0 0 1 0 0
0 1 1 1 0
j
0 0 1 0 0
0 0 0 0 0
0 0 1 0 0
0 0 1 0 0
0 0 1 0 0
1 0 1 0 0
0 1 0 0 0
k
1 0 0 0 0
1 0 0 1 0
1 0 1 0 0
1 1 0 0 0
1 0 1 0 0
1 0 0 1 0
1 0 0 0 1
l
0 1 1 0 0
1 0 0 1 0
1 0 0 1 0
1 0 1 0 0
1 1 0 0 0
1 0 0 1 0
0 1 1 0 0
o
0 0 0 0 0
0 0 0 0 0
0 1 1 1 0
1 0 0 0 1
1 0 0 0 1
1 0 0 0 1
0 1 1 1 0
n
0 0 0 0 0
0 0 0 0 0
1 1 1 1 0
1 0 0 0 1
1 0 0 0 1
1 0 0 0 1
1 0 0 0 1
m
0 0 0 0 0
0 0 0 0 0
1 1 1 1 1
1 0 1 0 1
1 0 1 0 1
1 0 1 0 1
1 0 1 0 1
t
0 0 0 0 0
0 0 1 0 0
0 1 1 1 0
0 0 1 0 0
0 0 1 0 0
0 0 1 0 0
0 0 0 1 0
r
0 0 0 0 0
0 0 0 0 0
0 1 1 1 0
0 1 0 0 1
0 1 0 0 0
0 1 0 0 0
0 1 0 0 0
x
0 0 0 0 0
0 0 0 0 0
1 0 0 0 1
0 1 0 1 0
0 0 1 0 0
0 1 0 1 0
1 0 0 0 1
u
0 0 0 0 0
0 0 0 0 0
1 0 0 0 1
1 0 0 0 1
1 0 0 0 1
1 0 0 0 1
0 1 1 1 0
s
0 0 0 0 0
0 0 0 0 0
0 1 1 1 0
1 0 0 0 0
0 1 1 0 0
0 0 0 1 0
0 1 1 1 0
p
1 1 1 0 0
1 0 0 1 0
1 0 0 1 0
1 1 1 0 0
1 0 0 0 0
1 0 0 0 0
1 0 0 0 0
y
0 0 0 0 0
0 0 0 0 0
1 0 0 0 1
0 1 0 1 0
0 0 1 0 0
0 1 0 0 0
1 0 0 0 0
1
0 0 1 0 0
0 1 1 0 0
1 0 1 0 0
0 0 1 0 0
0 0 1 0 0
0 0 1 0 0
1 1 1 1 1
2
0 1 1 1 0
1 0 0 0 1
0 0 0 1 0
0 0 1 0 0
0 1 0 0 0
1 0 0 0 0
1 1 1 1 1
3
0 1 1 1 0
1 0 0 0 1
0 0 1 1 0
0 0 0 0 1
0 0 0 0 1
1 0 0 0 1
0 1 1 1 0
4
0 0 0 0 1
0 1 0 0 1
0 1 0 0 1
0 1 1 1 1
0 0 0 0 1
0 0 0 0 1
0 0 0 0 1
5
0 1 1 1 1
0 1 0 0 0
0 1 0 0 0
0 1 1 1 0
0 0 0 0 1
0 0 0 0 1
0 1 1 1 0
6
0 0 1 1 1
0 1 0 0 0
0 1 0 0 0
0 1 1 1 0
0 1 0 0 1
0 1 0 0 1
0 0 1 1 0
7
0 1 1 1 1
0 0 0 0 1
0 0 0 1 0
0 0 0 1 0
0 0 0 1 0
0 0 0 1 0
0 0 0 1 0
8
0 1 1 1 0
1 0 0 0 1
1 0 0 0 1
0 1 1 1 0
1 0 0 0 1
1 0 0 0 1
0 1 1 1 0
9
0 1 1 1 0
1 0 0 0 1
1 0 0 0 1
0 1 1 1 0
0 0 1 0 0
0 1 0 0 0
1 0 0 0 0